     0/299     6.29G   0.03793     1.291  0.008384     1.337        17       640    0.5049       0.5  0.005027 0.0006856   0.03028    0.3396  0.005196
     1/299     6.86G   0.03886    0.1819  0.008508    0.2292        22       640  0.008087         1  0.009915  0.001181   0.03027   0.08765  0.005196
     2/299     6.87G   0.04111   0.05135  0.008984    0.1014        26       640  0.003916         1  0.005914 0.0009106   0.03025   0.02944  0.005197
     3/299     6.87G   0.03561   0.02004   0.00791   0.06356        27       640   0.01277   0.06667  0.006453 0.0008129   0.03024   0.01343  0.005193
     4/299     6.87G   0.03686   0.01244  0.008149   0.05745        28       640  0.001206    0.3182 0.0009392 0.0001217   0.03376    0.6402   0.00472
     5/299     6.87G   0.04131  0.009494  0.008973   0.05978        32       640   0.01185       0.2  0.007808  0.001088   0.03075  0.006229  0.005122
     6/299     6.87G   0.03811  0.008411  0.008385   0.05491        27       640  0.001891    0.6212   0.00172  0.000228   0.03279    0.0153  0.004906
     7/299     6.87G   0.04063  0.007625  0.008976   0.05723        20       640  0.005671       0.1  0.003712 0.0005107   0.03161   0.00477   0.00515
     8/299     6.87G   0.04109  0.007276  0.009215   0.05758        23       640   0.01885       0.1  0.008137  0.001178   0.03244  0.004303  0.005078
     9/299     6.87G   0.03663  0.006934  0.008503   0.05207        21       640    0.1729    0.2788    0.1002   0.02131   0.03198   0.01332  0.004976
    10/299     6.87G   0.03924  0.007025  0.009563   0.05583        23       640   0.04985   0.03333   0.01292  0.002413   0.03238    0.0048  0.005102
    11/299     6.87G   0.03984  0.007112  0.009927   0.05688        22       640   0.09985   0.06667   0.04374    0.0125   0.02942  0.004574  0.005204
    12/299     6.87G    0.0382  0.007262  0.009928   0.05539        24       640  0.004336    0.1909  0.002032 0.0003566   0.03157   0.00393  0.005208
    13/299     6.87G    0.0393  0.007491   0.01016   0.05696        21       640   0.06246    0.1818   0.04313   0.00806   0.03474   0.04131   0.00513
    14/299     6.87G   0.04042  0.007146    0.0104   0.05797        30       640  0.004303    0.6282  0.003573 0.0005626   0.03062  0.009855  0.005158
    15/299     6.87G   0.03933  0.007629  0.009802   0.05676        22       640   0.00512   0.03333  0.002877 0.0003168   0.03124  0.003707  0.005186
    16/299     6.87G   0.03903  0.007578   0.01004   0.05666        25       640  0.001748    0.4394  0.004844 0.0005695   0.03051  0.003813  0.005194
    17/299     6.87G   0.04001  0.007347   0.01028   0.05763        19       640  0.007336    0.1667  0.005473 0.0007905   0.03036  0.003807  0.005194
    18/299     6.87G   0.03847  0.007779   0.01016    0.0564        24       640  0.001561    0.3939  0.001112 0.0001441   0.03074  0.003732  0.005194
    19/299     6.87G   0.03981  0.007872   0.01028   0.05796        24       640  0.001752    0.4394  0.001343 0.0001556   0.03019  0.003819  0.005193
    20/299     6.87G   0.03869  0.007291   0.01003   0.05601        31       640  0.003685    0.5061  0.002252 0.0002863   0.03197  0.003484  0.005164
    21/299     6.87G   0.03857    0.0076   0.01003    0.0562        24       640  0.001729    0.3152 0.0007807 9.908e-05    0.0317  0.003584  0.005192
    22/299     6.87G   0.03898  0.006969   0.01016   0.05611        26       640  0.003367    0.5061  0.002022  0.000292   0.02972  0.003796  0.005192
    23/299     6.87G   0.04001    0.0076    0.0104   0.05801        29       640  0.003225    0.4727   0.00737 0.0008857   0.03034  0.003698  0.005192
    24/299     6.87G   0.03704  0.007322  0.009574   0.05394        27       640  0.005852    0.5061   0.01273   0.00222   0.02974  0.003733  0.005191
    25/299     6.87G   0.04139    0.0074   0.01039   0.05919        18       640  0.002843    0.4727  0.007326   0.00123   0.02995   0.00376   0.00519
    26/299     6.87G   0.04104  0.007238   0.01017   0.05845        24       640   0.01131   0.03333  0.005599 0.0006761   0.02901  0.003852  0.005189
    27/299     6.87G   0.03727  0.006956   0.01017   0.05439        23       640   0.04018   0.07879   0.01381  0.003041   0.03394  0.003911  0.005197
    28/299     6.87G    0.0387  0.007025   0.01014   0.05587        16       640   0.06111    0.7848    0.1989   0.02653   0.02261  0.004881  0.005189
    29/299     6.87G   0.03782  0.007358   0.01026   0.05544        22       640   0.04391    0.4152   0.04406  0.007984   0.02075  0.005216  0.005181
    30/299     6.87G   0.03463  0.008132  0.009675   0.05243        27       640     0.167    0.5273    0.1905   0.05127   0.01963  0.006597  0.005167
    31/299     6.87G   0.03614  0.008152  0.009914    0.0542        25       640    0.2007       0.8    0.3088   0.07384   0.01635  0.007367  0.005188
    32/299     6.87G   0.03316  0.008351   0.00955   0.05106        26       640     0.127     0.203    0.1213   0.02324   0.01823  0.005032  0.005187
    33/299     6.87G   0.03359  0.008124  0.009932   0.05164        19       640     0.398    0.1782    0.3169   0.08409  0.009947  0.007901  0.005187
    34/299     6.87G   0.03246  0.007728  0.009532   0.04972        22       640    0.1341    0.2727    0.2398   0.04823   0.01404  0.005299  0.005186
    35/299     6.87G   0.03327  0.008201  0.009443   0.05091        26       640    0.3595    0.1818    0.2882   0.06614   0.01033  0.006462  0.005187
    36/299     6.87G   0.02886  0.008535  0.008938   0.04634        30       640   0.03349    0.8204   0.03846  0.005636   0.01486  0.005771  0.005186
    37/299     6.87G   0.03238   0.00872  0.009487   0.05059        24       640   0.05043    0.5848   0.05564  0.009164   0.01899  0.004917  0.005185
    38/299     6.87G   0.03164  0.008877  0.009416   0.04993        22       640   0.05855    0.5061   0.06623   0.01262    0.0146   0.00552  0.005185
    39/299     6.87G   0.03017  0.008739  0.009095     0.048        22       640    0.1055    0.5758    0.1091   0.01959   0.01224  0.005599  0.005184
    40/299     6.87G   0.03005  0.008707   0.00946   0.04822        21       640    0.1487    0.5091    0.1582   0.02527   0.01269  0.005511  0.005182
    41/299     6.87G   0.02917  0.008366  0.008987   0.04652        24       640   0.07589    0.7309   0.09132   0.01241   0.01189  0.005432  0.005183
    42/299     6.87G    0.0308  0.008435  0.009583   0.04882        24       640    0.1254    0.5939    0.1338    0.0244   0.01221  0.005541  0.005184
    43/299     6.87G     0.028  0.008545   0.01004   0.04658        21       640    0.2516    0.7636    0.2942   0.06763   0.01632  0.005102  0.005184
    44/299     6.87G   0.03057  0.008305   0.01041   0.04929        27       640    0.4055    0.6636    0.4722    0.1847  0.008397  0.004099  0.005184
    45/299     6.87G   0.02982  0.008384   0.01027   0.04848        24       640     0.398    0.9212    0.5485    0.2065   0.01135  0.004363  0.005186
    46/299     6.87G   0.02907  0.008146   0.01062   0.04784        25       640    0.4196     0.797     0.497    0.2553   0.01105  0.004229  0.005192
    47/299     6.87G   0.02718   0.00792  0.009942   0.04505        23       640    0.4013    0.7405    0.4473    0.1594   0.01051  0.004668  0.005188
    48/299     6.87G    0.0256  0.008151   0.01029   0.04405        36       640    0.4908         1     0.635    0.3828   0.01061  0.003277  0.005197
    49/299     6.87G   0.02749  0.008111   0.01013   0.04573        23       640    0.4023    0.9667    0.5096    0.1923  0.006758  0.004207  0.005189
    50/299     6.87G   0.02572  0.007978  0.009919   0.04362        21       640    0.3622    0.8545    0.5064    0.1481  0.008148  0.004422  0.005183
    51/299     6.87G   0.02745  0.008217    0.0105   0.04617        22       640    0.3084    0.8153    0.4297      0.14  0.007103  0.004436  0.005185
    52/299     6.87G   0.02609  0.008228   0.01027   0.04459        24       640    0.4827    0.9293    0.5784    0.1756  0.008859  0.004348  0.005184
    53/299     6.87G    0.0255  0.008582   0.01018   0.04426        26       640    0.4529    0.8879    0.5519    0.2941  0.007173  0.003989  0.005192
    54/299     6.87G   0.02654  0.008063   0.01037   0.04497        22       640    0.4278    0.9667    0.5343    0.2632  0.006527  0.003883  0.005189
    55/299     6.87G   0.02818  0.008162   0.01063   0.04697        27       640    0.4585    0.9333    0.5713    0.2502  0.006774  0.003936  0.005188
    56/299     6.87G   0.02599  0.008038    0.0104   0.04443        23       640    0.4285    0.8874    0.5312    0.1873  0.009685  0.004393  0.005185
    57/299     6.87G   0.02473  0.008071  0.009901   0.04271        28       640    0.4574    0.9527    0.5578    0.2869  0.006696  0.003975  0.005183
    58/299     6.87G   0.02479  0.008294   0.01027   0.04336        29       640    0.5076    0.8148    0.5709     0.296   0.00772  0.003966  0.005181
    59/299     6.87G   0.02462  0.007736   0.01035   0.04271        18       640    0.5094    0.8616    0.6212    0.3489   0.00638  0.004191  0.005171
    60/299     6.87G   0.02732  0.007787   0.01065   0.04575        22       640    0.5052    0.9441    0.5762    0.3032  0.006921  0.003742  0.005172
    61/299     6.87G    0.0237  0.007993   0.01028   0.04197        16       640    0.5006    0.9973    0.6109    0.3605  0.006487  0.003556  0.005175
    62/299     6.87G   0.02437  0.007892   0.01014    0.0424        25       640    0.4785    0.9578    0.5881     0.358  0.007629  0.003322  0.005179
    63/299     6.87G     0.025  0.007809   0.01001   0.04282        28       640    0.5129    0.9651    0.6196    0.3937   0.00615  0.003259  0.005182
    64/299     6.87G   0.02564  0.008079   0.01037   0.04408        35       640    0.4974         1    0.6137    0.4104  0.007553  0.003269  0.005184
    65/299     6.87G   0.02476   0.00776   0.01047     0.043        25       640    0.4982         1     0.645    0.4488  0.006308  0.003196  0.005184
    66/299     6.87G   0.02472  0.008246   0.01053    0.0435        24       640    0.4969      0.96    0.6209    0.3794  0.006568  0.003391  0.005175
    67/299     7.73G   0.02442  0.007993   0.01051   0.04293        28       640     0.464     0.932    0.6327    0.4213  0.007272    0.0036  0.005175
    68/299     7.73G   0.02365  0.007645   0.01039   0.04169        21       640    0.4979    0.9667    0.6501    0.4388  0.007223  0.003349  0.005178
    69/299     7.73G   0.02411  0.007472   0.01036   0.04194        21       640    0.5041         1    0.6223    0.3821  0.007021  0.003378  0.005176
    70/299     7.73G   0.02425  0.008113   0.01052   0.04289        19       640    0.4839    0.9667    0.6067    0.3543  0.007527  0.003523  0.005178
    71/299     7.73G   0.02542  0.007828   0.01048   0.04373        29       640    0.5063         1    0.6466    0.4028  0.006352  0.003261  0.005181
    72/299     7.73G    0.0241  0.007839   0.01049   0.04242        27       640    0.4973    0.9982    0.6391    0.4297  0.006449   0.00332  0.005182
    73/299     7.73G    0.0234   0.00768   0.01038   0.04145        26       640    0.5402       0.9    0.6592    0.4618   0.00692  0.003047  0.005197
    74/299     7.73G   0.02455  0.008023    0.0105   0.04308        29       640    0.4987         1    0.6677    0.4548  0.006745  0.003049  0.005191
    75/299     7.73G    0.0243  0.007853   0.01053   0.04267        22       640    0.5025         1    0.6363     0.403  0.008324    0.0031   0.00519
    76/299     7.73G   0.02425  0.007764   0.01062   0.04263        28       640    0.4963    0.9667    0.6519    0.4076  0.006538  0.003307   0.00518
    77/299     7.73G   0.02206  0.007608   0.01026   0.03992        26       640    0.5006    0.9994    0.6428    0.4202  0.007811  0.003062  0.005188
    78/299     7.73G   0.02287  0.008069   0.01035   0.04129        25       640    0.5013         1    0.6462    0.4402  0.007177  0.002897  0.005188
    79/299     7.73G   0.02241  0.008177   0.01049   0.04107        23       640    0.4826    0.9994    0.6457    0.4534  0.006289  0.003218  0.005169
    80/299     7.73G   0.02268  0.008407    0.0104   0.04149        21       640    0.5083    0.9339    0.6434    0.4264  0.006012  0.003216   0.00517
    81/299     7.73G   0.02459  0.008257   0.01072   0.04357        23       640    0.5026         1    0.5929    0.4228   0.00641  0.002746  0.005176
    82/299     7.73G   0.02151  0.008144  0.009882   0.03954        26       640    0.4994         1    0.6242    0.4563  0.006605  0.002689  0.005184
    83/299     7.73G   0.02469  0.008427   0.01037   0.04349        21       640    0.4986    0.9994    0.6203    0.4046  0.007683  0.002983  0.005176
    84/299     7.73G   0.02258  0.008102  0.009479   0.04016        25       640    0.5268    0.9308    0.6297    0.4658  0.005857  0.002828  0.005189
    85/299     7.73G   0.02508  0.008245    0.0106   0.04393        27       640    0.5293    0.9667    0.6365    0.4674  0.006023   0.00288  0.005189
    86/299     7.73G   0.02233  0.008242  0.009792   0.04037        24       640    0.5036         1    0.6092    0.4441  0.006332  0.002851   0.00518
    87/299     7.73G   0.02155  0.008352  0.009976   0.03988        21       640    0.5013         1    0.6082    0.4598  0.005936  0.002726  0.005179
    88/299     7.73G   0.02238  0.008199  0.009578   0.04016        18       640    0.4991         1    0.6286    0.4796  0.006252  0.002759  0.005182
    89/299     7.73G    0.0224   0.00809   0.01011    0.0406        24       640    0.4996     0.999    0.6595    0.4896  0.006667  0.002919  0.005175
    90/299     7.73G   0.02329  0.008501   0.01051    0.0423        21       640    0.4994    0.9989    0.6413    0.4782  0.006247  0.002966  0.005171
    91/299     7.73G   0.02141  0.008309  0.009784    0.0395        20       640    0.4997    0.9986    0.6889    0.5062  0.006145  0.002908  0.005164
    92/299     7.73G   0.02097  0.007979  0.009939   0.03889        18       640    0.4994    0.9975    0.6455    0.4874  0.005728  0.002662  0.005184
    93/299     7.73G   0.02253  0.008349   0.01013   0.04101        21       640     0.499    0.9998    0.5897    0.4414    0.0059  0.002719  0.005182
    94/299     7.73G   0.02147   0.00791   0.01023    0.0396        22       640    0.5024         1    0.6537    0.4807  0.007049   0.00273  0.005189
    95/299     7.73G   0.02108  0.008177   0.01001   0.03926        27       640    0.5012    0.9995      0.61    0.4575  0.006878  0.002593  0.005193
    96/299     7.73G    0.0204  0.008079  0.009921    0.0384        20       640    0.4983    0.9999    0.6527    0.5012   0.00606  0.002607  0.005181
    97/299     7.73G   0.02127  0.007978  0.009781   0.03903        18       640    0.4999    0.9994    0.6644    0.4641  0.007001  0.002756  0.005173
    98/299     7.73G   0.02167  0.007757  0.009814   0.03924        26       640    0.4989    0.9997    0.5997    0.4352   0.00712  0.002527  0.005205
    99/299     7.73G   0.02115  0.007872  0.009902   0.03893        15       640    0.4993    0.9977    0.6132    0.4716  0.005623  0.002654  0.005195
   100/299     7.73G   0.02038  0.008116  0.009814   0.03831        19       640    0.5047    0.9852    0.5916    0.4334  0.006076  0.002729  0.005187
   101/299     7.73G   0.01871  0.007652   0.00976   0.03612        27       640     0.499         1    0.6282    0.4871   0.00587  0.002674  0.005192
   102/299     7.73G   0.02213  0.008058   0.01011    0.0403        21       640     0.503         1     0.615    0.4574  0.006952  0.002627  0.005183
   103/299     7.73G    0.0214  0.007989   0.01025   0.03965        24       640    0.5029    0.9995     0.612    0.4275  0.008568  0.002659    0.0052
   104/299     7.73G   0.01923  0.007776  0.009641   0.03665        22       640     0.499         1    0.6066    0.4662  0.006014  0.002567  0.005199
   105/299     7.73G   0.01766  0.007729  0.009756   0.03515        25       640    0.4994         1    0.6201    0.4652  0.006467  0.002484  0.005166
   106/299     7.73G   0.01995  0.007829  0.009884   0.03767        28       640    0.5107     0.974     0.607    0.4653  0.006413  0.002599  0.005153
   107/299     7.73G   0.02084  0.007981      0.01   0.03882        20       640    0.5032         1    0.6076    0.4544   0.00615  0.002553  0.005152
   108/299     7.73G     0.018  0.007688  0.009757   0.03544        23       640    0.5035         1    0.6082    0.4734  0.005421  0.002493  0.005147
   109/299     7.73G   0.02146  0.008036   0.01022   0.03972        25       640    0.5022    0.9996    0.6025    0.4662  0.006276   0.00254  0.005178
   110/299     7.73G   0.01903  0.007624   0.01002   0.03668        23       640    0.5024         1    0.5966    0.4527  0.006238  0.002434  0.005184
   111/299     7.73G   0.02069  0.007664   0.01049   0.03884        23       640    0.4992         1    0.6048    0.4772  0.005173  0.002512  0.005166
   112/299     7.73G   0.02121  0.007533    0.0101   0.03884        23       640    0.4995         1    0.6352    0.4847  0.006655   0.00264  0.005189
   113/299     7.73G   0.02127   0.00808   0.01023   0.03957        25       640    0.5027         1    0.6068    0.4668  0.005623  0.002438  0.005185
   114/299     7.73G    0.0159  0.007767  0.009367   0.03304        19       640    0.5373    0.9333    0.6247    0.4547  0.008093  0.002412  0.005175
   115/299     7.73G    0.0188  0.008148  0.009863   0.03681        20       640    0.5021         1    0.5886    0.4508   0.00611   0.00262  0.005187
   116/299     7.73G    0.0201  0.008057   0.01034   0.03849        26       640    0.5089         1    0.5876    0.4567  0.005882  0.002544  0.005177
   117/299     7.73G    0.0196  0.008183  0.009535   0.03732        19       640    0.5128    0.9667    0.6295    0.4893  0.005821  0.002564   0.00515
   118/299     7.73G   0.01997  0.007689   0.01025   0.03792        19       640    0.4995         1    0.6179    0.4759  0.006785  0.002543   0.00514
   119/299     7.73G   0.01948  0.007865  0.009524   0.03687        23       640    0.5176    0.9667    0.6121    0.4752  0.005538  0.002414  0.005154
   120/299     7.73G   0.01837  0.007735  0.009377   0.03548        23       640    0.5124         1    0.6047    0.4675  0.006142  0.002409   0.00516
   121/299     7.73G   0.01691   0.00768  0.009551   0.03414        17       640    0.5156         1    0.6369    0.4971  0.005446  0.002369  0.005125
   122/299     7.73G   0.01812  0.007464  0.009384   0.03497        22       640    0.5537    0.8957    0.5909    0.4497  0.005915  0.002384  0.005108
   123/299     7.73G   0.01592  0.007737  0.009422   0.03308        22       640    0.5078    0.9943    0.6039    0.4592   0.00637  0.002485  0.005126
   124/299     7.73G   0.02093  0.007584   0.01001   0.03852        20       640    0.5566    0.9333    0.6351     0.492   0.00575  0.002381   0.00512
   125/299     7.73G   0.01986  0.007879  0.009879   0.03762        28       640     0.513    0.9811    0.6283    0.4816  0.006493  0.002496  0.005101
   126/299     7.73G    0.0157  0.007983  0.009186   0.03287        22       640     0.532    0.9667     0.643    0.5017  0.006235  0.002381  0.005084
   127/299     7.73G    0.0201  0.007801  0.009679   0.03758        21       640    0.5261    0.9595    0.6166    0.4856  0.005392  0.002372  0.005112
   128/299     7.73G   0.01781  0.007696  0.009963   0.03547        22       640    0.5116    0.9765    0.6053    0.4697  0.005821  0.002383  0.005102
   129/299     7.73G   0.01823  0.007742  0.009729    0.0357        24       640    0.4999         1    0.6278    0.4958  0.006243  0.002421  0.005122
   130/299     7.73G   0.01908  0.008032   0.01022   0.03733        20       640    0.5045         1     0.615    0.4716  0.005776   0.00244  0.005106
   131/299     7.73G   0.02031  0.007414   0.01001   0.03774        20       640    0.5228         1    0.6288    0.4761  0.006042  0.002401  0.005079
   132/299     7.73G   0.01815  0.007747  0.009651   0.03555        20       640    0.4999         1    0.6019    0.4695  0.005741  0.002363  0.005073
   133/299     7.73G   0.01805  0.007294  0.009655     0.035        30       640    0.5089         1     0.605    0.4827  0.004978  0.002302  0.005087
   134/299     7.73G   0.01692   0.00772  0.009957    0.0346        31       640    0.5105         1    0.6035    0.4807  0.005713    0.0023   0.00504
   135/299     7.73G   0.01906  0.007709  0.009756   0.03653        28       640    0.5041    0.9996     0.581    0.4587  0.005897  0.002372  0.005073
   136/299     7.73G   0.01787  0.008165  0.009569   0.03561        27       640    0.5082    0.9993    0.6482    0.4919  0.006789  0.002389  0.005043
   137/299     7.73G   0.01696  0.007727  0.009955   0.03464        20       640     0.506         1    0.6438    0.4667  0.006872  0.002361  0.005045
   138/299     7.73G   0.01824  0.008209   0.00961   0.03606        21       640    0.5116         1    0.6255    0.4899  0.006205  0.002394  0.005029
   139/299     7.73G   0.01899  0.008065   0.01016   0.03722        23       640    0.5036         1    0.6014    0.4568  0.006251  0.002431  0.005075
   140/299     7.73G   0.02061  0.007895   0.01007   0.03858        22       640    0.5026    0.9997      0.62    0.4855  0.005281  0.002346  0.005043
   141/299     7.73G   0.01633  0.007706  0.009717   0.03376        21       640    0.5009    0.9998    0.6518     0.512  0.006028  0.002377  0.005039
   142/299     7.73G   0.01649  0.007989  0.009511   0.03399        30       640    0.5229    0.9667    0.6371    0.5082  0.005026  0.002347  0.005054
   143/299     7.73G   0.01803  0.007553  0.009526   0.03511        28       640    0.5009         1    0.6303    0.5005  0.005521  0.002486   0.00501
   144/299     7.73G     0.018    0.0074   0.01008   0.03547        20       640    0.5069         1    0.6413    0.4993  0.006151  0.002374  0.005018
   145/299     7.73G   0.01786  0.007509  0.009619   0.03499        23       640    0.5836    0.9333     0.653    0.4889   0.00708  0.002407  0.005026
   146/299     7.73G   0.01725  0.007507  0.009339    0.0341        22       640    0.5941    0.8612    0.6122    0.4786  0.005662  0.002293  0.004999
   147/299     7.73G   0.01612  0.007738  0.009595   0.03345        22       640    0.6452    0.7962    0.6526    0.5234   0.00547   0.00226   0.00499
   148/299     7.73G   0.01755  0.007878    0.0101   0.03553        28       640    0.5158         1    0.5889    0.4486  0.006328  0.002284  0.005009
   149/299     7.73G    0.0155  0.007602  0.009464   0.03256        23       640    0.5331    0.9667    0.6238    0.4644  0.006453  0.002334  0.005003
   150/299     7.73G   0.01841  0.007661   0.01006   0.03614        26       640    0.5037    0.9998    0.6275    0.4914  0.005136  0.002276  0.005072
   151/299     7.73G   0.01765  0.007643  0.009855   0.03515        22       640    0.5075         1    0.5715    0.4399  0.005896  0.002235  0.005073
   152/299     7.73G   0.01973  0.007642   0.00994   0.03731        25       640      0.61    0.8609    0.6245    0.4676  0.007196  0.002298  0.005055
   153/299     7.73G   0.01731  0.007696  0.009706   0.03471        21       640    0.5304    0.9664    0.6309    0.5032  0.005529   0.00229  0.004959
   154/299     7.73G   0.01587  0.007786  0.009641   0.03329        23       640    0.5272         1    0.6211    0.4844  0.006185   0.00221  0.004917
   155/299     7.73G   0.01956   0.00782  0.009923    0.0373        26       640    0.5122         1    0.6208    0.4902  0.005745  0.002223  0.004959
   156/299     7.73G   0.01723  0.007899  0.009919   0.03505        26       640    0.5189         1    0.6383    0.5126  0.005167  0.002412  0.004896
   157/299     7.73G   0.01639  0.007573  0.009493   0.03346        18       640    0.5516    0.9667    0.6184    0.4996  0.005448  0.002244  0.004879
   158/299     7.73G   0.01787  0.007584  0.009794   0.03524        21       640    0.5239         1    0.6478    0.5058   0.00569  0.002178  0.004861
   159/299     7.73G   0.01833  0.007676  0.009839   0.03584        29       640    0.5431     0.976    0.6118    0.4564  0.006795  0.002106   0.00487
   160/299     7.73G   0.01601  0.007704   0.01017   0.03388        29       640    0.5239         1    0.6018     0.463  0.006311  0.002116  0.004895
   161/299     7.73G   0.01592  0.007267  0.009723   0.03291        25       640     0.527         1    0.6377    0.5046  0.005978  0.002134  0.004866
   162/299     7.73G    0.0182   0.00738   0.01001    0.0356        20       640    0.5479    0.9665    0.6353    0.5064  0.005474  0.002112  0.004812
   163/299     7.73G   0.01726   0.00768  0.009848   0.03478        21       640    0.5807    0.8998    0.6422    0.4939  0.005754  0.002218  0.004831
   164/299     7.73G   0.01695  0.007179   0.00976   0.03389        24       640    0.6018    0.8667      0.65    0.4902    0.0064  0.002224  0.004875
   165/299     7.73G   0.01762  0.007787  0.009861   0.03526        22       640    0.5342    0.9667    0.6822    0.5216  0.006403  0.002234  0.004833
   166/299     7.73G   0.01752  0.007649  0.009875   0.03504        30       640    0.5517    0.9317    0.6187    0.4698  0.006424  0.002117  0.004926
   167/299     7.73G   0.01701   0.00751  0.009748   0.03426        23       640    0.5772    0.9666    0.6529    0.4747  0.007547  0.002116  0.004909
   168/299     7.73G   0.01746  0.007473   0.01016   0.03509        21       640    0.5139         1    0.6759    0.5159  0.006454  0.002119  0.004937
   169/299     7.73G   0.01859  0.007804   0.01008   0.03648        25       640    0.6087     0.833    0.6671    0.4845  0.007058  0.002156    0.0049
   170/299     7.73G   0.01647  0.007576   0.01008   0.03412        20       640     0.584       0.9     0.678    0.5237  0.006628   0.00204  0.004853
   171/299     7.73G   0.01906  0.007655  0.009966   0.03668        24       640    0.5936       0.9    0.6674     0.503  0.006227  0.002139  0.004785
   172/299     7.73G   0.01454  0.007444  0.009642   0.03163        24       640    0.5594    0.9985    0.6498    0.4855  0.006946  0.002127  0.004804
   173/299     7.73G   0.01667  0.007577  0.009376   0.03362        27       640    0.6205    0.9333    0.7014    0.5489  0.005495  0.002122  0.004857
   174/299     7.73G   0.01811  0.007491    0.0103    0.0359        20       640    0.6242    0.9326    0.6898    0.5091  0.006933  0.002019   0.00479
   175/299     7.73G   0.01818   0.00754  0.009801   0.03552        24       640    0.5452         1    0.6663    0.4924   0.00684  0.002032  0.004822
   176/299     7.73G   0.01548  0.007268  0.009609   0.03235        22       640    0.5509    0.9667    0.7381    0.5529  0.006734   0.00208  0.005033
   177/299     7.73G   0.01585  0.007683   0.00979   0.03332        25       640    0.6296     0.898    0.7479    0.5571  0.006612    0.0021  0.004906
   178/299     7.73G   0.01539   0.00726  0.009815   0.03247        26       640    0.6081       0.9    0.7558    0.5106  0.008476  0.002254  0.004656
   179/299     7.73G   0.01817  0.007646  0.009668   0.03548        24       640    0.6672    0.8621    0.7904    0.5649  0.007849  0.002119  0.004526
   180/299     7.73G   0.02062   0.00753  0.009944   0.03809        28       640    0.5802    0.9667    0.7363    0.5699  0.006232  0.002113  0.004588
   181/299     7.73G   0.01635  0.007692  0.009742   0.03378        24       640    0.5701    0.9312    0.7599    0.5877  0.006725  0.002076  0.004535
   182/299     7.73G   0.01458  0.007362  0.009397   0.03134        23       640    0.6299       0.9    0.7448    0.5794  0.006034  0.002104  0.004582
   183/299     7.73G   0.01644  0.007374  0.009679    0.0335        26       640    0.7581    0.7981    0.7788    0.5924  0.006696  0.002115   0.00471
   184/299     7.73G   0.01463   0.00751  0.009605   0.03174        19       640    0.6173    0.8979    0.7885    0.6015  0.006677  0.002074  0.004473
   185/299     7.73G   0.01835  0.007346  0.009991   0.03569        22       640    0.6316    0.9211    0.7829    0.6069  0.006088  0.002091  0.004396
   186/299     7.73G   0.01542   0.00731  0.009343   0.03208        23       640    0.5903    0.9333    0.8032    0.6189  0.006395  0.002048   0.00433
   187/299     7.73G   0.02078  0.007594   0.01029   0.03866        18       640     0.621    0.9667    0.7848    0.6062  0.005802  0.002055  0.004281
   188/299     7.73G   0.01448  0.007129  0.009423   0.03103        19       640    0.5883    0.9667    0.7923    0.6102   0.00678  0.002045  0.004351
   189/299     7.73G   0.01773  0.007797  0.009646   0.03517        20       640    0.5805    0.9978    0.8158    0.5937  0.007323  0.002065  0.004214
   190/299     7.73G   0.01586  0.007606  0.009409   0.03287        22       640    0.5977    0.9665    0.8023    0.6158  0.005905  0.002066  0.004261
   191/299     7.73G   0.01865  0.007631  0.009931   0.03622        32       640    0.6134    0.9349    0.8001    0.5886  0.006796   0.00208  0.004294
   192/299     7.73G   0.01568  0.007295  0.009724    0.0327        18       640    0.6012    0.9983    0.8308     0.605  0.006633   0.00218  0.004293
   193/299     7.73G   0.01742  0.007536   0.01002   0.03497        28       640    0.7173    0.9294    0.9056    0.6691  0.006627  0.002155  0.004522
   194/299     7.73G   0.01651  0.007588  0.009811   0.03391        27       640    0.7215    0.9315    0.9221    0.6528  0.007229  0.002081  0.004391
   195/299     7.73G   0.01669  0.007382  0.009708   0.03377        21       640    0.7777    0.8608    0.8717    0.6696  0.006105  0.002019  0.004063
   196/299     7.73G   0.01558  0.007092  0.009383   0.03206        21       640    0.7352    0.8656    0.8741     0.675   0.00615  0.002031  0.003981
   197/299     7.73G   0.01647  0.006991  0.009844    0.0333        21       640    0.7126    0.8988    0.8738    0.6794  0.006075  0.002062  0.003819
   198/299     7.73G    0.0185  0.007552   0.01003   0.03608        28       640    0.7654    0.9333    0.9263    0.6892  0.006513  0.002032  0.003939
   199/299     7.73G   0.01713  0.007181  0.009629   0.03394        31       640    0.8352       0.9    0.9427    0.7139  0.006011  0.002052  0.003652
   200/299     7.73G   0.01527  0.007418  0.009568   0.03226        24       640    0.8242       0.9    0.9341    0.6834  0.006776  0.001995  0.003607
   201/299     7.73G   0.01637  0.006684  0.009799   0.03285        19       640    0.8518       0.9    0.9443    0.7059  0.006622  0.002003  0.003653
   202/299     7.73G   0.01611  0.006957  0.009143   0.03221        24       640    0.8095    0.9545    0.9243    0.6822  0.007016  0.001991  0.003647
   203/299     7.73G   0.01478  0.007582  0.009194   0.03156        32       640    0.9253      0.92    0.9528    0.6614   0.00755  0.002051   0.00348
   204/299     7.73G   0.01659  0.007429  0.009629   0.03364        22       640    0.8459    0.9212    0.9466    0.6857  0.006689  0.002099  0.003594
   205/299     7.73G   0.01761  0.007124  0.009567    0.0343        20       640    0.7955    0.8815    0.9161    0.6275  0.007354   0.00215  0.003906
   206/299     7.73G   0.01613  0.007102  0.009578   0.03281        20       640    0.8287    0.8879    0.9001    0.6286  0.007339  0.002236  0.003634
   207/299     7.73G   0.01657   0.00769  0.009432   0.03369        27       640    0.7913    0.9325    0.9385    0.6817  0.007296    0.0022   0.00347
   208/299     7.73G   0.01633  0.007393  0.009596   0.03331        28       640    0.7783    0.9998     0.928    0.6707  0.007599  0.002128  0.003375
   209/299     7.73G   0.01561  0.007148  0.009335   0.03209        21       640    0.9193    0.9421    0.9503    0.6927  0.007272  0.002085  0.003177
   210/299     7.73G   0.01638  0.007082  0.009398   0.03286        30       640    0.8698    0.9671    0.9567    0.6869  0.007364  0.002073  0.003015
   211/299     7.73G   0.01702  0.007138  0.009886   0.03404        27       640    0.8915    0.9333    0.9492    0.6934  0.007294  0.002109  0.003036
   212/299     7.73G   0.01599  0.007553  0.009748   0.03329        25       640     0.889    0.8993    0.9384    0.6744  0.006965  0.002114  0.003115
   213/299     7.73G   0.01719  0.007222  0.009217   0.03362        20       640    0.8236    0.9627    0.9723     0.694  0.007491  0.002112  0.003165
   214/299     7.73G    0.0162  0.007082   0.00899   0.03227        20       640    0.7887    0.9667    0.9666     0.692  0.007077  0.002052  0.003579
   215/299     7.73G   0.01495  0.007383   0.00913   0.03147        29       640    0.9163    0.9336    0.9684    0.7007  0.007205  0.002028  0.002873
   216/299     7.73G   0.01483  0.007451  0.009304   0.03158        26       640     0.867    0.9503    0.9682     0.722  0.006373  0.001999   0.00291
   217/299     7.73G   0.01614  0.007284  0.009177    0.0326        20       640    0.9106    0.9667    0.9866    0.7351  0.006467  0.002053  0.002514
   218/299     7.73G   0.01508  0.007066   0.00917   0.03132        27       640    0.8609    0.9863    0.9731    0.7228  0.006913  0.002014   0.00267
   219/299     7.73G   0.01764  0.006894  0.009838   0.03437        23       640    0.8991    0.9667    0.9832    0.7061  0.006865  0.002015  0.002698
   220/299     7.73G    0.0154  0.007378  0.008887   0.03167        31       640    0.9339    0.9667    0.9754    0.7262  0.006341   0.00201  0.002516
   221/299     7.73G   0.01578     0.007   0.00947   0.03225        23       640    0.9088    0.9333    0.9806    0.7134  0.006212  0.002028  0.002608
   222/299     7.73G   0.01873  0.007153  0.009247   0.03513        32       640    0.8851    0.9032    0.9515    0.6791  0.006846  0.002018  0.002746
   223/299     7.73G   0.01854  0.007107  0.009708   0.03536        20       640     0.743    0.9886    0.9466     0.686  0.006604  0.002049  0.003201
   224/299     7.73G   0.01631  0.007033  0.009058    0.0324        26       640    0.8573    0.9667      0.96    0.6747  0.007207  0.001987  0.003173
   225/299     7.73G   0.01732  0.007324  0.009577   0.03422        29       640    0.8522    0.9667    0.9695    0.7099  0.006834  0.002069  0.003189
   226/299     7.73G   0.01753  0.006912   0.00929   0.03373        24       640     0.922    0.9667     0.987    0.7289  0.006544  0.002079  0.002484
   227/299     7.73G    0.0165  0.007428  0.009261   0.03319        30       640    0.9032    0.9339    0.9746    0.7195  0.006524  0.002011  0.003112
   228/299     7.73G   0.01561  0.007091   0.00925   0.03195        27       640    0.8935    0.9998    0.9687    0.7253  0.006693  0.002062  0.002226
   229/299     7.73G    0.0179  0.007011  0.009516   0.03442        21       640    0.9161         1    0.9602    0.7034  0.006557  0.002042  0.002233
   230/299     7.73G   0.01699  0.007442  0.009334   0.03376        28       640    0.9096    0.9212    0.9193    0.6474  0.007334  0.002037   0.00284
   231/299     7.73G   0.01704  0.006955  0.009201    0.0332        32       640    0.8329    0.9333    0.9255    0.6581  0.007315  0.002058  0.003141
   232/299     7.73G   0.01639  0.007236  0.008864   0.03249        24       640    0.8985    0.9667     0.951    0.6808   0.00725  0.001993  0.002636
   233/299     7.73G   0.01495  0.006794  0.008867   0.03061        20       640    0.8978    0.9997    0.9551    0.7113  0.006724  0.002069  0.002282
   234/299     7.73G   0.01527  0.007083  0.008928   0.03128        28       640    0.8875    0.9396    0.9791    0.7003  0.007156  0.002044  0.002283
   235/299     7.73G   0.01686  0.007348  0.009204   0.03341        24       640      0.86         1    0.9696    0.6849  0.006786  0.002028  0.002345
   236/299     7.73G   0.01514  0.006997  0.008593   0.03073        27       640    0.9192    0.9198    0.9656    0.6676  0.007147  0.002087  0.002793
   237/299     7.73G   0.01455  0.006972  0.008633   0.03016        24       640     0.734         1    0.9189    0.6443  0.007272  0.002073  0.003517
   238/299     7.73G   0.01554  0.007179  0.009147   0.03186        25       640    0.8584    0.9593    0.9514     0.688  0.006722  0.002088  0.002742
   239/299     7.73G   0.01481  0.007216  0.008835   0.03086        27       640    0.8873    0.9311    0.9401    0.7153  0.006132  0.002108  0.002605
   240/299     7.73G   0.01657  0.007021  0.009057   0.03265        20       640    0.8924    0.9157    0.9589    0.6937  0.006715  0.002106  0.002633
   241/299     7.73G   0.01612   0.00684  0.009269   0.03222        26       640     0.888    0.9409    0.9602    0.7403  0.005645  0.002064  0.002411
   242/299     7.73G   0.01719  0.006848  0.009248   0.03328        23       640    0.8908    0.9813    0.9597     0.705  0.006308  0.002048  0.002233
   243/299     7.73G   0.01652  0.006861  0.009186   0.03256        20       640    0.8898    0.9719     0.985    0.7245  0.006167  0.002051  0.001961
   244/299     7.73G   0.01606  0.006899  0.008909   0.03186        20       640    0.8992         1    0.9785    0.7372  0.006154  0.002053  0.002081
   245/299     7.73G   0.01753  0.007372  0.009457   0.03436        26       640    0.9081    0.9997    0.9718    0.7425  0.005807  0.002051  0.001967
   246/299     7.73G   0.01583  0.006903  0.009123   0.03186        26       640    0.9301    0.9333     0.985     0.757  0.005728  0.002037  0.002236
   247/299     7.73G   0.01801   0.00737  0.009351   0.03474        29       640    0.8899    0.9553    0.9724    0.7303    0.0063  0.002091  0.002432
   248/299     7.73G   0.01966  0.006943  0.009562   0.03616        26       640    0.8932    0.9667    0.9774    0.7211  0.006424  0.002024  0.002181
   249/299     7.73G   0.01658  0.006896  0.009184   0.03266        25       640    0.9268    0.9952    0.9625     0.717  0.006409  0.002012  0.001962
   250/299     7.73G   0.01516  0.006779  0.008787   0.03072        29       640    0.8952    0.9999     0.965    0.7327  0.005879  0.001991  0.002165
   251/299     7.73G   0.01507  0.007093  0.008694   0.03085        16       640     0.896         1    0.9653    0.7312  0.006194  0.002023  0.002187
   252/299     7.73G   0.01628  0.006757  0.009003   0.03204        21       640    0.9075       0.9    0.9643    0.7331  0.006246  0.002052  0.002724
   253/299     7.73G   0.01667  0.006949  0.009196   0.03282        23       640    0.8875    0.9346    0.9528     0.739  0.005735  0.002077  0.002557
   254/299     7.73G   0.01477  0.007033   0.00868   0.03049        27       640    0.8922         1    0.9622    0.7583  0.006041  0.002036  0.002087
   255/299     7.73G   0.01513  0.006922  0.009242    0.0313        22       640    0.8903     0.974    0.9606     0.738  0.006145  0.002031   0.00235
   256/299     7.73G   0.01554  0.007159  0.008687   0.03139        24       640    0.8906    0.9862    0.9585    0.7235  0.006239  0.002032  0.002149
   257/299     7.73G   0.01613  0.007068  0.008538   0.03174        18       640    0.8921    0.8973    0.9586    0.7119  0.006029  0.002026  0.002856
   258/299     7.73G    0.0157  0.006899  0.009035   0.03163        22       640    0.9271    0.9333      0.97    0.7225   0.00592  0.001984  0.002424
   259/299     7.73G   0.01684   0.00733  0.009425    0.0336        23       640    0.9258    0.9848    0.9487    0.7198  0.006243   0.00202  0.002344
   260/299     7.73G   0.01532  0.006933  0.008827   0.03108        21       640    0.9259    0.9892    0.9633    0.7089  0.006288  0.002083  0.001932
   261/299     7.73G   0.01511  0.006752   0.00896   0.03082        25       640    0.8968         1    0.9884    0.7368  0.006014  0.002115  0.001886
   262/299     7.73G   0.01582   0.00706  0.008913    0.0318        21       640    0.9261    0.9895    0.9697    0.7293  0.006285  0.002103  0.001724
   263/299     7.73G   0.01565  0.006858  0.009182   0.03169        18       640    0.9025    0.9999    0.9844    0.7112  0.006558  0.002067  0.001766
   264/299     7.73G   0.01366  0.007093  0.008685   0.02944        16       640    0.9225    0.9076    0.9773    0.7242  0.006282  0.001995   0.00243
   265/299     7.73G   0.01361  0.006988   0.00881    0.0294        18       640    0.8379    0.9667    0.9756    0.7257   0.00639  0.002012  0.002574
   266/299     7.73G   0.01524   0.00687   0.00854   0.03065        28       640    0.8878     0.966    0.9786    0.7573  0.005711  0.002081  0.002298
   267/299     7.73G   0.01519  0.006904  0.008307    0.0304        28       640    0.8855    0.9664    0.9838    0.7285  0.006227  0.002104  0.002317
   268/299     7.73G   0.01457  0.006805   0.00825   0.02962        24       640     0.888    0.9451     0.981    0.7294   0.00646  0.002104  0.002308
   269/299     7.73G   0.01477  0.007005  0.008588   0.03036        26       640    0.9247    0.9997    0.9704    0.7312  0.006127  0.002031  0.001979
   270/299     7.73G   0.01663  0.007069   0.00918   0.03288        20       640    0.9067         1    0.9765    0.7326  0.006452  0.002021  0.001767
   271/299     7.73G   0.01525  0.006844  0.008263   0.03036        27       640    0.9234         1    0.9678    0.7015  0.006707  0.002055  0.001785
   272/299     7.73G   0.01549  0.006861  0.008702   0.03105        26       640    0.9262    0.9931    0.9702    0.7083  0.006711  0.002098  0.001529
   273/299     7.73G   0.01567  0.007185  0.008824   0.03168        24       640    0.9238         1    0.9966    0.7596  0.005651  0.001985  0.001897
   274/299     7.73G   0.01388  0.007051  0.008804   0.02973        16       640    0.8938         1    0.9964    0.7894  0.005385  0.001977  0.002169
   275/299     7.73G   0.01682   0.00679  0.009217   0.03282        20       640    0.9448         1    0.9967    0.7541  0.005981  0.002033  0.001671
   276/299     7.73G   0.01581  0.007126  0.009287   0.03222        29       640    0.9109         1    0.9804    0.7394     0.006  0.002078  0.001855
   277/299     7.73G   0.01531  0.006764  0.008935   0.03101        28       640    0.9013    0.9999    0.9709    0.7253  0.005997  0.002092  0.002024
   278/299     7.73G   0.01503  0.006782  0.008421   0.03023        23       640    0.8718         1     0.967    0.7092   0.00625  0.002076  0.001802
   279/299     7.73G   0.01648  0.006846  0.009047   0.03238        28       640    0.8884    0.9993    0.9571      0.71  0.006442  0.002097   0.00205
   280/299     7.73G   0.01524  0.006722  0.008638    0.0306        25       640    0.8907    0.9812    0.9754    0.7187  0.006357  0.002099  0.002093
   281/299     7.73G   0.01685  0.007105  0.009101   0.03305        25       640    0.9262    0.9902    0.9703    0.7366  0.005859  0.002038  0.001783
   282/299     7.73G   0.01556  0.007091  0.008927   0.03158        21       640    0.9265    0.9945    0.9727    0.7441  0.005716  0.002021  0.001761
   283/299     7.73G   0.01391  0.006793  0.008734   0.02943        26       640    0.9047         1    0.9828     0.748  0.005987  0.002015  0.001786
   284/299     7.73G   0.01551  0.006672   0.00889   0.03108        23       640    0.9237    0.9663    0.9875     0.758  0.005542  0.002059  0.002466
   285/299     7.73G   0.01502   0.00664  0.008695   0.03035        20       640    0.8925    0.9774    0.9693     0.749  0.005406  0.002052  0.002269
   286/299     7.73G   0.01588  0.007221  0.008966   0.03206        29       640    0.9265    0.9933     0.966    0.7226  0.006186  0.002026  0.001734
   287/299     7.73G   0.01435   0.00695  0.008747   0.03004        22       640    0.9252    0.9786    0.9661    0.7486  0.005739  0.002046  0.001623
   288/299     7.73G   0.01501  0.007135   0.00894   0.03108        26       640    0.9266    0.9948    0.9788    0.7618  0.005426  0.002098  0.001726
   289/299     7.73G   0.01469  0.006742  0.009207   0.03064        29       640    0.9256    0.9825     0.979    0.7594  0.005322  0.002082  0.001917
   290/299     7.73G   0.01707  0.006991  0.009136   0.03319        27       640    0.9225    0.9995    0.9856    0.7739  0.005097  0.002066  0.001961
   291/299     7.73G   0.01586   0.00709  0.008644   0.03159        24       640    0.9014         1    0.9894     0.766  0.005599  0.002022  0.001761
   292/299     7.73G   0.01396  0.006833   0.00873   0.02952        17       640    0.9005         1     0.989    0.7664  0.005384   0.00201  0.001831
   293/299     7.73G    0.0143  0.006914  0.008878   0.03009        23       640    0.9141         1    0.9889    0.7522   0.00582  0.001997  0.001742
   294/299     7.73G   0.01555  0.006946  0.008562   0.03106        19       640    0.9123         1    0.9887    0.7285  0.006373  0.002023  0.001592
   295/299     7.73G   0.01528  0.007007  0.008575   0.03086        25       640    0.9241         1    0.9964    0.7405  0.006202  0.001959  0.001864
   296/299     7.73G   0.01394  0.006945  0.008412    0.0293        25       640    0.8967         1    0.9912    0.7473  0.005928  0.001964  0.001755
   297/299     7.73G   0.01587  0.007306  0.008761   0.03193        23       640    0.9231    0.9343    0.9857    0.7359  0.006185  0.002021  0.002556
   298/299     7.73G   0.01607  0.007045  0.008815   0.03193        27       640    0.8917    0.9961    0.9891    0.7432  0.006095  0.002073  0.001865
   299/299     7.73G   0.01516  0.006802  0.008336   0.03029        28       640    0.9386         1    0.9967    0.7567  0.006034  0.002058  0.001257
